140.59892
140.5979
140.59995
140.59892
140.5979
140.59688
140.59874
140.59772
140.59669
140.59567
140.59753
140.59653
140.59552
140.59451
140.5965
140.59549
140.59448
140.59348
140.59531
140.5943
140.59329
140.59229
140.59427
140.59326
140.59225
140.59125
140.59325
140.59224
140.59123
140.59023
140.59204
140.59103
140.59003
140.58902
140.591
140.59
140.58899
140.58798
140.58998
140.58897
140.58797
140.58696
140.58878
140.58777
140.58676
140.58575
140.58775
140.58673
140.58571
140.58469
140.58655
140.58553
140.5845
140.58348
140.58551
140.58449
140.58347
140.58244
140.58432
140.5833
140.58228
140.58125
140.58328
140.58226
140.58124
140.58022
140.58209
140.58107
140.58005
140.57903
140.58105
140.58003
140.57901
140.578
140.57985
140.57884
140.57784
140.57683
140.57883
140.57782
140.57681
140.57581
140.57762
140.57661
140.57561
140.57462
140.5766
140.57561
140.57462
140.57362
140.57556
140.57457
140.57358
140.57259
140.57436
140.57336
140.57237
140.57138
140.57333
140.57234
140.57135
140.57036
140.57213
140.57114
140.57014
140.56915
140.57111
140.57011
140.56912
140.56815
140.57007
140.56909
140.56812
140.56714
140.56886
140.56789
140.56691
140.56593
140.56784
140.56686
140.56589
140.56491
140.5668
140.56583
140.56487
140.5639
140.56561
140.56465
140.56369
140.56273
140.56458
140.56361
140.56265
140.56169
140.56354
140.56258
140.56161
140.56065
140.56252
140.56155
140.56059
140.55963
140.56149
140.56053
140.55959
140.55864
140.56029
140.55934
140.5584
140.55745
140.55925
140.5583
140.55736
140.55641
140.55823
140.55728
140.55634
140.55539
140.55719
140.55624
140.5553
140.55435
140.55617
140.55522
140.55428
140.55333
140.55513
140.5542
140.55327
140.55234
140.55411
140.55318
140.55225
140.55132
140.5529
140.55197
140.55104
140.55011
140.55188
140.55095
140.55002
140.54909
140.55084
140.54991
140.54898
140.54805
140.5498
140.54887
140.54794
140.54701
140.54878
140.54785
140.54692
140.54601
140.54776
140.54684
140.54593
140.54501
140.54672
140.54581
140.54491
140.54401
140.54568
140.54478
140.54388
140.54298
140.54466
140.54378
140.54289
140.54201
140.54381
140.54292
140.54204
140.54115
140.54277
140.54189
140.541
140.54012
140.54192
140.54103
140.54015
140.53926
140.54089
140.54001
140.53914
140.53827
140.54002
140.53915
140.53828
140.53741
140.539
140.53813
140.53726
140.53641
140.53796
140.53711
140.53625
140.53542
140.53711
140.53632
140.53555
140.53482
140.53659
140.53592
140.53528
140.53467
140.53677
140.53622
140.53571
140.53523
140.53745
140.53705
140.5367
140.53639
140.539
140.5388
140.53864
140.5385
140.54106
140.54097
140.54089
140.54082
140.54346
140.54338
140.5433
140.54324
140.54604
140.54597
140.54593
140.54588
140.54843
140.5484
140.54837
140.54834
140.55118
140.55113
140.55109
140.55103
140.55376
140.5537
140.55363
140.55359
140.55634
140.55629
140.55624
140.55621
140.55891
140.55885
140.55879
140.55873
140.56149
140.56145
140.56143
140.56143
140.56406
140.56407
140.56409
140.56409
140.5668
140.56685
140.56691
140.567
140.56938
140.56952
140.56964
140.56976
140.57196
140.57213
140.5723
140.57246
140.57452
140.57469
140.57486
140.575
140.5771
140.57715
140.57719
140.57732
140.57985
140.57991
140.57991
140.57985
140.5826
140.58252
140.58247
140.58247
140.58501
140.58499
140.58496
140.58493
140.58759
140.58755
140.58752
140.58749
140.58998
140.58998
140.59
140.59003
140.59238
140.59241
140.59244
140.59247
140.59496
140.595
140.59506
140.59514
140.59753
140.59763
140.59772
140.59782
140.60011
140.60023
140.60034
140.60046
140.60269
140.60281
140.60294
140.60306
140.60526
140.60538
140.6055
140.60562
140.60783
140.60796
140.60808
140.6082
140.61041
140.61053
140.61066
140.61078
140.61298
140.6131
140.61322
140.61334
140.61555
140.61568
140.6158
140.61592
140.61813
140.61826
140.61838
140.6185
140.62071
140.62083
140.62096
140.62109
140.62329
140.62344
140.6236
140.62373
140.62585
140.62599
140.62613
140.62627
140.62843
140.62859
140.62874
140.62888
140.63101
140.63115
140.63129
140.63142
140.63341
140.63356
140.6337
140.63383
140.63599
140.63612
140.63628
140.63641
140.6384
140.63853
140.63869
140.63884
140.64079
140.64093
140.64107
140.6412
140.64319
140.64333
140.64346
140.6436
140.6456
140.64574
140.64587
140.64601
140.64801
140.64815
140.64828
140.64842
140.65024
140.65038
140.65051
140.65065
140.65263
140.65277
140.65291
140.65305
140.65488
140.65501
140.65515
140.65529
140.6571
140.65723
140.65735
140.65747
140.65933
140.65945
140.65959
140.65973
140.66156
140.6617
140.66183
140.66197
140.66379
140.66393
140.66406
140.66422
140.66603
140.66618
140.66632
140.66646
140.66826
140.66838
140.6685
140.66862
140.67032
140.67046
140.67059
140.67072
140.67238
140.67252
140.67265
140.67279
140.67444
140.67456
140.67468
140.6748
140.6765
140.67662
140.67674
140.67686
140.67856
140.67868
140.6788
140.67892
140.68045
140.68057
140.68069
140.68082
140.68251
140.68263
140.68275
140.68288
140.68457
140.68469
140.68481
140.68494
140.68646
140.68658
140.68671
140.68683
140.68834
140.68845
140.68855
140.68866
140.69023
140.69034
140.69044
140.69057
140.69229
140.69241
140.69254
140.69266
140.69418
140.69431
140.69443
140.69455
140.69608
140.69621
140.69635
140.69649
140.69795
140.69807
140.6982
140.69832
140.69968
140.6998
140.69992
140.70004
140.70157
140.70169
140.70181
140.70193
140.70328
140.7034
140.70352
140.70364
140.70499
140.70511
140.70523
140.70535
140.70688
140.707
140.70712
140.70724
140.7086
140.70872
140.70885
140.70897
140.71031
140.71042
140.71053
140.71063
140.71185
140.71198
140.7121
140.71222
140.71358
140.7137
140.71382
140.71394
140.7153
140.71542
140.71555
140.71565
140.71701
140.71712
140.71722
140.71733
140.71872
140.71884
140.71896
140.71909
140.72028
140.7204
140.72052
140.72064
140.72198
140.72209
140.72221
140.72234
140.72371
140.72383
140.72395
140.72406
140.72525
140.72537
140.72549
140.72562
140.72679
140.72688
140.72694
140.72697
140.72833
140.7283
140.72824
140.72813
140.7292
140.72902
140.72879
