20010
19994
19979
19963
19945
19929
19912
19897
19880
19865
19850
19832
19817
19800
19783
19768
19751
19734
19718
19703
19688
19671
19656
19639
19624
19608
19591
19574
19559
19542
19527
19511
19493
19478
19461
19443
19429
19411
19394
19376
19355
19335
19313
19292
19267
19246
19224
19200
19179
19156
19131
19107
19083
19058
19033
19007
18982
18958
18933
18908
18886
18862
18839
18816
18794
18770
18749
18725
18703
18682
18658
18635
18613
18590
18567
18545
18521
18499
18475
18452
18428
18406
18382
18358
18336
18311
18289
18267
18242
18218
18196
18173
18149
18126
18103
18078
18055
18031
18008
17984
17960
17937
17913
17889
17865
17841
17816
17793
17769
17746
17722
17699
17675
17651
17629
17605
17581
17558
17535
17512
17490
17468
17444
17422
17399
17377
17353
17331
17306
17283
17263
17239
17218
17195
17172
17149
17124
17102
17081
17058
17036
17015
16992
16967
16946
16921
16898
16876
16850
16825
16803
16778
16754
16731
16707
16686
16663
16641
16616
16595
16570
16546
16525
16503
16482
16463
16443
16424
16405
16386
16366
16348
16327
16306
16289
16268
16247
16229
16209
16189
16171
16150
16130
16111
16090
16071
16054
16039
16019
16006
15992
15981
15972
15961
15951
15942
15933
15924
15917
15906
15897
15888
15879
15870
15860
15851
15841
15832
15825
15817
15809
15799
15788
15775
15760
15745
15728
15710
15692
15675
15659
15641
15624
15606
15590
15575
15560
15544
15529
15513
15497
15482
15466
15451
15435
15421
15405
15388
15371
15353
15337
15320
15304
15290
15274
15259
15245
15228
15213
15196
15180
15162
15150
15138
15128
15117
15110
15104
15101
15118
15045
14928
14810
14773
14766
14757
14750
14741
14731
14725
14717
14709
14700
14695
14688
14683
14678
14671
14663
14654
14645
14634
14621
14608
14595
14581
14565
14548
14532
14517
14501
14490
14472
14455
14439
14419
14404
14385
14367
14357
14348
14334
14312
14302
14286
14271
14252
14237
14220
14205
14197
14170
14148
14120
14098
14050
14018
13982
13940
13900
13875
13860
13837
13820
13809
13796
13788
13776
13761
13744
13727
13703
13676
13647
13615
13579
13543
13503
13460
13417
13368
13317
13268
13214
13159
13112
13060
13013
12969
12925
12886
12851
12818
12787
12761
12737
12715
12696
12676
12657
12639
12619
12599
12577
12556
12533
12511
12487
12462
12438
12411
12382
12356
12328
12296
12268
12238
12207
12179
12151
12123
12095
12066
12039
12013
11985
11956
11927
11899
11868
11838
11807
11775
11747
11714
11684
11655
11626
11593
11564
11534
11501
11471
11439
11407
11375
11339
11307
11275
11241
11208
11176
11144
11110
11081
11048
11015
10985
10952
10922
10896
10869
10844
10824
10805
10788
10774
10761
10750
10740
10731
10722
10714
10706
10696
10688
10677
10664
10651
10636
10620
10602
10584
10564
10545
10523
10502
10483
10460
10438
10417
10392
10367
10345
10324
10304
10287
10272
10259
10245
10233
10220
10210
10199
10187
10178
10170
10161
10153
10144
10137
10129
10120
10112
10104
10094
10085
10077
10069
10060
10053
10045
10036
10029
10020
10012
10003
9994
9986
9978
9970
9961
9953
9944
9935
9926
9917
9909
9900
9892
9884
9874
9864
9851
9838
9821
9804
9787
9770
9754
9737
9721
9705
9690
9674
9659
9644
9628
9610
9594
9577
9559
9542
9525
9507
9491
9474
9458
9444
9430
9418
9408
9399
9390
9383
9374
9365
9355
9344
9333
9321
9308
9295
9283
9271
9259
9247
9235
9223
9211
9199
9187
9176
9163
9151
9140
9128
9115
9103
9091
9078
9067
9054
9042
9031
9020
9009
8998
8986
8974
8963
8952
8939
8928
8916
8905
8893
8882
8870
8860
8848
8837
8827
8815
8804
8794
8782
8771
8761
8748
8735
8723
8708
8694
8678
8662
8645
8630
8615
8600
8585
