36.737423
36.73592
36.734417
36.732914
36.730556
36.72905
36.727543
36.726036
36.72369
36.722183
36.72068
36.719177
36.716995
36.715488
36.713982
36.712475
36.710129
36.708622
36.707115
36.705612
36.703434
36.701931
36.700432
36.698933
36.696568
36.695065
36.693565
36.692066
36.689873
36.688374
36.686874
36.685375
36.683006
36.681507
36.680008
36.678509
36.676311
36.674812
36.673313
36.671814
36.669617
36.668118
36.666615
36.665112
36.66275
36.661247
36.659744
36.658241
36.656055
36.654552
36.653046
36.651539
36.649189
36.647686
36.646183
36.64468
36.642323
36.64082
36.639317
36.637814
36.635628
36.634125
36.632622
36.631119
36.628761
36.627258
36.625755
36.624256
36.621895
36.620396
36.618893
36.61739
36.6152
36.613701
36.612202
36.610703
36.608334
36.606834
36.605339
36.603844
36.601639
36.600143
36.598652
36.59716
36.594944
36.593452
36.591965
36.590477
36.588249
36.586761
36.585274
36.58379
36.581554
36.58007
36.578587
36.577103
36.57486
36.573376
36.571892
36.570408
36.568165
36.566677
36.565189
36.563702
36.56147
36.559982
36.558495
36.557007
36.554775
36.553288
36.5518
36.550308
36.54808
36.546597
36.545109
36.543621
36.541386
36.539898
36.53841
36.536926
36.534691
36.533207
36.531723
36.530239
36.527996
36.526516
36.525036
36.523556
36.521301
36.519825
36.518349
36.516872
36.514778
36.513306
36.511833
36.510361
36.508083
36.506611
36.505142
36.503674
36.50156
36.500092
36.498623
36.497154
36.495037
36.493572
36.492107
36.490643
36.488342
36.486877
36.485413
36.483952
36.481819
36.480354
36.478889
36.477425
36.475296
36.473839
36.472382
36.470924
36.468773
36.467319
36.465866
36.464413
36.46225
36.4608
36.459351
36.457905
36.455727
36.454281
36.452839
36.451397
36.449375
36.447933
36.446495
36.445057
36.442852
36.441414
36.439976
36.438538
36.436329
36.434895
36.43346
36.432022
36.429977
36.428543
36.427109
36.425671
36.423626
36.422192
36.420761
36.419334
36.417103
36.415676
36.414249
36.41283
36.410751
36.40934
36.407932
36.406521
36.4044
36.403
36.401604
36.400211
36.39822
36.396832
36.395447
36.394066
36.39204
36.390667
36.389301
36.387939
36.38586
36.384506
36.383156
36.381805
36.379852
36.378506
36.377163
36.375824
36.373672
36.372341
36.37101
36.369682
36.367836
36.366512
36.365189
36.363869
36.361828
36.360512
36.3592
36.357887
36.35582
36.354511
36.353203
36.351894
36.349983
36.348667
36.347343
36.346008
36.344147
36.342781
36.3414
36.34
36.338139
36.336708
36.335266
36.333809
36.33213
36.330647
36.329144
36.327629
36.325951
36.324409
36.322857
36.321297
36.319771
36.318199
36.316628
36.315056
36.313763
36.312191
36.310619
36.309052
36.307755
36.306187
36.304623
36.303059
36.301918
36.300354
36.29879
36.29723
36.29591
36.29435
36.292789
36.291229
36.290073
36.288509
36.286945
36.285381
36.284237
36.282669
36.281101
36.279533
36.278229
36.276653
36.275078
36.273506
36.272392
36.270813
36.269234
36.267654
36.266384
36.264809
36.263233
36.261658
36.260376
36.258801
36.257225
36.25565
36.254368
36.2528
36.251236
36.249672
36.248531
36.246971
36.245411
36.243851
36.242523
36.240963
36.239403
36.237843
36.236687
36.235126
36.233566
36.232006
36.23085
36.229301
36.227753
36.226208
36.225014
36.223469
36.221928
36.220398
36.219177
36.217655
36.216137
36.214622
36.213512
36.212002
36.210491
36.208981
36.207848
36.206345
36.204842
36.203339
36.202011
36.200508
36.198997
36.197487
36.196346
36.194832
36.193314
36.191795
36.190681
36.189156
36.18763
36.1861
36.184845
36.183311
36.181774
36.180237
36.179008
36.177471
36.175934
36.174397
36.173172
36.171635
36.170097
36.168564
36.167507
36.165974
36.164444
36.162914
36.161671
36.160145
36.158619
36.157093
36.156006
36.154488
36.152969
36.151451
36.150169
36.148655
36.147141
36.145626
36.144505
36.14299
36.141476
36.139961
36.138668
36.137154
36.135643
36.134132
36.133003
36.131493
36.129982
36.128475
36.127338
36.125828
36.124317
36.122807
36.121674
36.120163
36.118652
36.117142
36.116009
36.114498
36.112988
36.111477
36.110172
36.108662
36.107151
36.10564
36.104507
36.102997
36.101486
36.099976
36.098671
36.097157
36.095642
36.094128
36.093006
36.091492
36.089977
36.088463
36.08717
36.085655
36.084141
36.082623
36.081505
36.079987
36.078468
36.076954
36.075668
36.074154
36.072639
36.071129
36.069832
36.068325
36.066818
36.065319
36.064167
36.062672
36.06118
36.059692
36.058502
36.057022
36.055538
36.054062
36.052837
36.051365
36.049892
36.04842
36.047173
36.045704
36.044235
36.042767
36.041508
36.040039
36.038574
36.037109
36.036015
36.03455
36.033085
36.03162
36.03035
36.028893
36.027435
36.025982
36.024857
36.023407
36.021957
36.020512
36.019192
36.01775
36.016308
36.014874
36.013699
36.012268
36.010841
36.009415
36.008205
36.006786
36.005367
36.003956
36.002712
36.001305
35.999901
35.998497
35.997391
35.995995
35.994606
35.993217
35.992069
35.990685
35.989304
35.987926
35.986748
35.985374
35.984001
35.982635
35.981426
35.980064
35.978706
35.977348
35.976276
35.97493
35.973583
35.97224
35.971127
35.969788
35.968452
35.967117
35.965977
35.964645
35.963322
35.961994
35.960827
35.959507
35.958187
35.956867
35.955677
35.954357
35.953037
35.951717
35.950699
35.949383
35.948067
35.946751
35.945549
35.944233
35.942917
35.941601
35.940571
35.939255
35.937939
35.936623
35.935421
35.934105
35.932789
35.931473
35.930271
35.928955
35.927639
35.926323
35.925293
35.923981
35.922668
35.921356
35.920143
35.918831
35.917519
35.916206
35.915165
35.913853
35.91254
35.911228
35.910015
35.908703
35.907391
35.906078
35.904865
35.903557
35.902248
35.90094
35.899887
35.898579
35.89727
35.895962
35.894737
35.893433
35.892128
35.890827
35.889759
35.888458
35.887157
35.885857
35.884609
35.883308
35.882008
35.880707
35.879631
35.87833
35.877029
35.875729
35.874481
35.87318
35.87188
35.870579
35.869503
35.868202
35.866894
35.865585
35.864353
35.863045
35.861732
35.86042
35.859203
35.857887
35.856571
35.855255
35.854225
35.852905
35.851585
35.850269
35.848904
35.847595
35.846294
35.844997
35.843754
