0.953
0.953
0.961
0.949
0.949
0.949
0.953
0.949
0.945
0.945
0.941
0.941
0.949
0.949
0.945
0.949
0.949
0.953
0.953
0.953
0.949
0.949
0.945
0.949
0.949
0.949
0.949
0.949
0.949
0.949
0.953
0.949
0.949
0.949
0.945
0.949
0.949
0.949
0.93
0.918
0.914
0.914
0.918
0.93
0.941
0.945
0.949
0.953
0.945
0.941
0.93
0.93
0.93
0.934
0.941
0.949
0.953
0.953
0.949
0.961
0.961
0.965
0.961
0.961
0.953
0.953
0.949
0.949
0.949
0.945
0.949
0.953
0.953
0.953
0.949
0.945
0.945
0.945
0.949
0.945
0.949
0.945
0.945
0.953
0.949
0.953
0.949
0.949
0.949
0.949
0.949
0.949
0.945
0.945
0.949
0.953
0.953
0.953
0.945
0.945
0.945
0.949
0.945
0.949
0.945
0.949
0.949
0.953
0.953
0.953
0.949
0.949
0.949
0.949
0.945
0.945
0.941
0.953
0.953
0.953
0.953
0.953
0.949
0.945
0.945
0.945
0.949
0.953
0.949
0.949
0.945
0.953
0.949
0.949
0.945
0.945
0.949
0.949
0.953
0.949
0.949
0.949
0.941
0.945
0.945
0.949
0.941
0.949
0.949
0.949
0.953
0.949
0.961
0.961
0.961
0.961
0.953
0.945
0.941
0.934
0.945
0.949
0.965
0.969
0.969
0.969
0.965
0.965
0.961
0.949
0.949
0.949
0.949
0.949
0.949
0.949
0.949
0.945
0.945
0.949
0.949
0.953
0.949
0.949
0.949
0.984
1
1
0.996
0.992
0.996
0.992
0.984
0.965
0.961
0.953
0.945
0.949
0.945
0.949
0.949
0.949
0.945
0.945
0.949
0.945
0.953
0.965
0.977
0.965
0.941
0.91
0.898
0.91
0.906
0.91
0.91
0.914
0.926
0.945
0.961
0.969
0.965
0.961
0.949
0.961
0.965
0.969
0.945
0.945
0.941
0.934
0.945
0.945
0.961
0.961
0.953
0.941
0.945
0.965
1.004
1.055
1.063
1.055
1.055
1.02
0.992
0.996
0.98
1.012
1.039
1.035
1.055
1.086
1.082
1.063
1.031
1.02
0.996
0.969
0.969
0.945
0.953
0.914
0.906
0.926
0.949
0.961
0.934
0.945
0.941
0.934
0.918
0.918
0.98
1.004
0.996
0.941
0.906
0.91
0.926
0.945
0.914
0.914
0.895
0.91
0.93
0.914
0.91
0.93
0.969
0.953
1.035
0.875
0.805
0.965
0.883
1.031
0.965
0.992
1.027
0.914
0.926
0.891
0.906
0.914
0.93
0.949
0.934
0.965
0.969
0.84
0.777
0.809
0.004
1.703
0.969
0.805
1.07
1
1.039
1.047
1.051
1.082
1.055
0.977
0.934
0.91
0.859
0.816
0.824
0.848
0.848
0.859
0.891
0.891
0.879
0.863
0.855
0.859
0.883
0.863
0.918
0.953
0.93
0.984
1.039
1.047
1.031
1.039
1.039
1.047
1.035
1.051
1.051
1.039
1.02
1
0.977
0.965
0.953
0.93
0.914
0.918
0.926
0.926
0.93
0.918
0.918
0.926
0.93
0.93
0.918
0.926
0.934
0.93
0.941
0.953
0.945
0.977
0.98
0.992
0.969
0.953
0.918
0.934
0.934
0.918
0.918
0.93
0.961
0.926
0.961
0.965
0.953
0.949
0.953
0.949
0.945
0.949
0.941
0.934
0.934
0.934
0.934
0.934
0.949
0.945
0.953
0.953
0.953
0.953
0.953
0.953
0.953
0.953
0.949
0.965
0.961
0.984
1.004
1.027
1.016
1.02
1.035
1.027
1.02
0.992
0.992
0.996
0.98
0.984
0.945
0.949
0.93
0.918
0.914
0.91
0.898
0.895
0.906
0.918
0.93
0.934
0.941
0.941
0.941
0.949
0.926
0.914
0.934
0.945
0.941
0.98
0.969
0.996
1.035
1.039
1.02
0.977
0.949
0.941
0.953
0.977
0.961
0.953
0.992
0.984
0.969
0.961
0.949
0.941
0.918
0.945
0.945
0.961
0.945
0.984
0.977
0.953
0.945
0.949
0.934
0.941
0.945
0.961
0.953
0.945
0.949
0.945
0.961
0.945
0.941
0.945
0.949
0.945
0.949
0.949
0.953
0.961
0.945
0.93
0.91
0.898
0.895
0.906
0.91
0.926
0.945
0.961
0.965
0.965
0.965
0.969
0.961
0.953
0.941
0.941
0.934
0.941
0.945
0.945
0.949
0.949
0.953
0.965
0.961
0.961
0.984
1
0.996
0.992
0.992
0.98
0.965
0.941
0.93
0.926
0.918
0.93
0.93
0.934
0.941
0.949
0.949
0.953
0.953
0.961
0.961
0.953
0.949
0.941
0.945
0.949
0.949
0.949
0.945
0.945
0.949
0.945
0.949
0.961
0.961
0.961
0.945
0.965
0.949
0.949
0.945
0.934
0.945
0.949
0.949
0.945
0.949
0.953
0.949
0.949
0.949
0.953
0.953
0.941
0.961
0.953
0.949
0.961
0.941
0.93
0.941
0.941
0.949
0.961
0.949
0.949
0.977
0.984
1.016
1.02
1.02
1.02
0.996
